8.90
8.61
8.50
9.88
9.77
10.02
10.28
8.49
9.70
9.47
9.51
9.99
10.20
9.85
8.63
8.79
8.98
9.19
9.51
9.11
8.63
10.24
10.39
9.12
10.11
9.62
9.44
9.37
9.53
9.17
8.71
9.65
9.56
9.92
9.13
9.05
8.97
8.96
10.07
9.90
9.45
9.08
9.22
10.15
8.94
9.03
9.54
9.79
9.39
9.94
10.19
9.48
9.07
9.36
9.12
8.51
9.34
9.76
9.56
10.25
9.20
8.99
10.18
9.11
10.38
8.83
10.21
9.43
9.91
9.07
9.05
8.40
9.78
9.99
9.43
9.44
10.51
9.73
8.99
10.20
8.48
9.73
9.91
8.40
9.85
8.72
10.16
9.09
9.20
9.80
8.99
9.14
9.78
9.69
9.08
9.24
10.38
10.07
8.51
9.60
10.42
9.33
8.80
9.24
8.63
9.84
8.48
8.94
9.16
9.72
8.77
8.86
8.71
10.46
10.28
8.48
9.68
9.18
8.31
9.31
8.56
9.58
9.16
9.93
9.34
9.36
9.80
9.98
8.86
8.71
9.76
9.41
8.77
9.55
8.89
9.06
9.46
9.48
9.02
8.96
9.34
10.24
8.39
8.83
9.68
9.39
10.28
9.68
9.71
10.17
10.17
9.52
7.98
9.24
9.67
9.26
9.80
9.66
9.42
8.55
10.14
9.31
9.55
8.61
8.41
9.74
9.06
9.06
8.56
9.56
8.29
9.10
9.30
9.34
8.43
10.33
8.94
9.66
8.94
8.82
9.70
8.99
9.91
9.61
10.22
9.09
9.11
8.49
8.52
10.30
9.96
10.13
9.97
9.90
9.94
8.69
8.92
9.38
10.15
10.04
9.39
9.22
10.44
8.78
10.31
9.25
9.45
9.76
10.15
9.33
9.41
9.36
10.00
9.41
9.88
10.15
10.00
9.02
10.37
9.14
8.54
10.06
10.18
9.18
9.09
9.11
8.83
9.36
10.26
10.25
8.49
9.91
9.66
9.70
9.73
9.15
9.66
9.81
9.49
10.62
9.47
9.05
10.04
9.76
9.71
9.22
8.59
10.21
8.81
9.91
8.92
9.00
8.68
9.19
8.72
8.53
8.90
8.87
9.24
9.83
9.86
10.72
9.03
8.87
9.79
9.77
9.69
8.77
9.70
8.60
10.20
8.98
9.05
10.18
9.76
9.17
8.71
8.90
8.48
9.71
8.99
8.77
9.10
10.04
8.88
9.01
9.26
9.62
9.50
9.48
9.20
9.73
9.83
9.94
9.72
8.87
10.04
9.04
8.97
10.19
10.26
9.38
9.51
10.64
9.06
9.30
9.22
9.07
9.12
9.44
9.06
8.66
9.21
9.23
8.67
8.50
8.76
8.52
8.60
8.46
8.66
8.56
9.15
8.64
9.41
9.01
8.27
9.64
9.90
9.04
9.38
9.46
9.60
9.64
8.72
8.93
9.66
8.83
10.13
10.25
10.26
10.40
8.91
9.22
9.85
9.32
8.32
8.90
9.07
9.90
9.43
9.49
9.02
8.75
8.43
8.96
9.68
9.02
8.38
8.41
9.04
8.72
9.13
9.36
10.51
9.85
10.13
9.89
8.48
8.78
9.11
8.20
10.25
9.28
10.40
7.59
9.27
9.01
10.09
9.40
8.33
9.78
9.25
8.81
9.22
9.62
9.51
8.94
9.46
10.04
9.65
10.05
8.53
10.20
9.42
9.34
9.58
9.85
9.20
10.19
9.14
10.22
9.79
9.96
9.64
9.33
9.72
9.62
8.61
9.57
9.85
10.52
9.84
9.58
8.79
9.18
9.75
8.37
9.84
10.49
10.08
8.45
10.17
8.68
9.70
9.91
8.42
8.97
9.21
8.46
9.51
10.48
9.80
9.11
10.04
8.66
8.70
9.28
10.21
9.98
10.06
8.51
10.29
9.32
9.34
10.52
8.46
8.72
9.47
10.40
9.19
9.88
10.26
8.97
10.43
8.92
9.20
9.21
9.07
9.76
9.64
9.53
9.41
9.80
10.12
8.45
9.60
9.49
9.21
9.99
8.74
8.50
8.42
8.61
10.74
10.46
9.37
9.74
8.75
9.02
8.42
10.25
8.93
9.17
8.68
9.95
8.88
8.48
8.98
9.38
9.40
10.29
9.54
9.69
8.63
9.35
9.60
9.47
9.21
9.22
9.61
10.21
9.90
9.31
9.96
9.36
9.34
8.92
8.47
9.63
8.96
8.36
8.79
9.32
10.36
8.97
10.33
10.35
10.01
10.19
9.11
8.87
9.23
9.75
10.02
8.80
9.52
9.13
9.91
8.73
8.85
9.12
8.20
9.32
10.17
9.19
9.46
8.33
9.80
8.49
8.92
9.03
10.00
8.72
9.38
9.93
8.62
9.41
10.00
8.93
10.52
8.81
8.82
8.42
8.53
9.48
8.94
9.76
9.34
8.70
8.82
8.93
9.04
8.66
8.54
8.82
9.63
9.04
9.22
9.78
9.58
8.68
9.74
8.86
8.93
9.79
8.67
10.19
8.84
8.92
9.08
9.88
8.42
8.71
9.98
10.19
10.28
9.90
9.58
9.30
10.26
8.52
9.48
8.54
9.33
8.96
10.46
10.11
10.06
9.09
10.42
10.19
9.05
10.51
10.31
9.68
9.99
10.00
9.59
8.99
9.00
8.58
9.59
10.16
9.94
9.60
9.47
10.22
9.61
10.07
8.73
10.56
9.45
9.01
9.81
9.62
10.15
9.10
9.40
9.64
10.17
9.92
10.13
8.36
10.67
10.14
8.66
9.83
8.90
9.63
8.73
8.93
8.97
8.56
8.69
9.34
9.94
9.16
10.02
8.93
10.39
9.96
9.82
8.95
9.25
9.75
8.77
9.52
9.56
8.53
10.54
9.55
9.15
8.57
9.87
9.24
8.67
10.39
9.17
10.33
9.73
8.79
9.40
8.36
9.48
8.68
9.14
9.21
8.87
9.55
9.27
9.38
9.68
9.64
9.61
8.93
8.80
9.24
9.22
9.47
9.00
9.08
10.52
8.52
8.84
10.25
8.94
9.06
9.97
8.68
8.74
8.57
9.80
9.06
8.90
8.61
9.10
8.58
9.34
9.81
9.70
10.08
9.72
9.79
8.68
